6382
5690
7081
6309
6481
6783
6776
8208
9543
6517
5695
6737
7650
5418
6879
5874
6579
5568
4374
5438
4600
5358
5845
5596
6355
5952
5008
6234
5202
6002
4781
4736
3555
6447
4246
5923
4092
4013
5383
4523
4322
6137
4574
4159
4510
4905
3426
3814
3580
3314
3414
4876
5322
4733
4278
5349
5019
3377
4564
3058
3469
3311
3873
5498
4142
3646
3795
3473
3226
3149
3613
4584
4039
3689
3063
3506
3402
3598
3476
3268
3903
4312
3311
3017
3072
3916
3045
3029
3503
2880
3510
3759
2555
2735
2557
3647
2996
3853
3496
2765
