-4848.0
-4043.0
-5584.0
-4832.0
-4801.0
-5451.0
-5239.0
-6281.0
-7856.0
-4870.0
-4078.0
-5049.0
-6315.0
-3773.0
-5308.0
-4448.0
-5022.0
-3997.0
-3203.0
-3696.0
-3288.0
-4233.0
-4574.0
-4228.0
-4797.0
-4418.0
-3765.0
-4911.0
-4024.0
-4444.0
-3605.0
-3449.0
-2448.0
-5029.0
-3173.0
-4478.0
-2859.0
-2834.0
-3681.0
-3349.0
-2915.0
-4547.0
-3133.0
-2924.0
-3297.0
-3523.0
-2320.0
-2708.0
-2421.0
-2154.0
-2475.0
-3538.0
-3864.0
-3414.0
-3026.0
-4073.0
-3904.0
-2355.0
-3283.0
-1982.0
-2458.0
-2172.0
-2800.0
-4069.0
-2855.0
-2327.0
-2599.0
-2364.0
-2032.0
-2103.0
-2645.0
-3228.0
-2779.0
-2445.0
-1853.0
-2388.0
-2234.0
-2530.0
-2235.0
-2275.0
-2604.0
-2853.0
-2194.0
-2078.0
-2141.0
-2782.0
-1939.0
-1959.0
-2281.0
-1862.0
-2231.0
-2578.0
-1586.0
-1689.0
-1518.0
-2311.0
-1829.0
-2446.0
-2250.0
-1757.0
