1.181851851851852
1.0537037037037038
1.3112962962962964
1.1683333333333332
1.2001851851851852
1.2561111111111112
1.2548148148148148
1.52
1.7672222222222222
1.2068518518518518
1.0546296296296296
1.2475925925925926
1.4166666666666667
1.0033333333333334
1.2738888888888888
1.0877777777777777
1.2183333333333333
1.031111111111111
0.81
1.007037037037037
0.8518518518518519
0.9922222222222222
1.0824074074074075
1.0362962962962963
1.1768518518518518
1.1022222222222222
0.9274074074074075
1.1544444444444444
0.9633333333333334
1.1114814814814815
0.8853703703703704
0.8770370370370371
0.6583333333333333
1.193888888888889
0.7862962962962963
1.0968518518518517
0.7577777777777778
0.7431481481481481
0.9968518518518519
0.8375925925925926
0.8003703703703704
1.1364814814814814
0.847037037037037
0.7701851851851852
0.8351851851851851
0.9083333333333333
0.6344444444444445
0.7062962962962963
0.662962962962963
0.6137037037037038
0.6322222222222222
0.902962962962963
0.9855555555555555
0.8764814814814815
0.7922222222222223
0.9905555555555555
0.9294444444444444
0.6253703703703704
0.8451851851851852
0.5662962962962963
0.6424074074074074
0.6131481481481481
0.7172222222222222
1.0181481481481482
0.7670370370370371
0.6751851851851852
0.7027777777777777
0.6431481481481481
0.5974074074074074
0.5831481481481482
0.669074074074074
0.8488888888888889
0.7479629629629629
0.6831481481481482
0.5672222222222222
0.6492592592592593
0.63
0.6662962962962963
0.6437037037037037
0.6051851851851852
0.7227777777777777
0.7985185185185185
0.6131481481481481
0.5587037037037037
0.5688888888888889
0.7251851851851852
0.5638888888888889
0.5609259259259259
0.6487037037037037
0.5333333333333333
0.65
0.6961111111111111
0.47314814814814815
0.5064814814814815
0.4735185185185185
0.6753703703703704
0.5548148148148148
0.7135185185185186
0.6474074074074074
0.5120370370370371
